cam0:
  cam_overlaps: [1, 2]
  camera_model: pinhole
  distortion_coeffs: [-0.057591603032106864, 0.05447007192766863, -0.020998629565289674,
    0.01051874259607877]
  distortion_model: radtan
  intrinsics: [532.3831361376403, 533.3903646151045, 341.487217714626, 195.73963609658304]
  resolution: [640, 480]
  rostopic: /cam0/image_raw
cam1: ## right
  T_cn_cnm1:
  - [0.9996113583893423, -0.0019156068502324893, -0.027811196116048847, 0.06651245542383116]
  - [0.0011420971811033588, 0.9996127923182194, -0.027802177033415962, 0.00040664118103029943]
  - [0.02785368544804985, 0.027759608861866708, 0.9992264890017645, 0.017010564531402483]
  - [0.0, 0.0, 0.0, 1.0]
  cam_overlaps: [0, 2]
  camera_model: pinhole
  distortion_coeffs: [-0.06589155813137038, 0.07758811381572754, -0.0035739861175750043,
    0.015260863237266165]
  distortion_model: radtan
  intrinsics: [537.6462491829818, 538.1975786521142, 427.1158015299002, 272.9633784580621]
  resolution: [800, 600]
  rostopic: /cam1/image_raw
cam2: ## left
  T_cn_cnm1:
  - [0.9999708557489041, 0.005862533855557856, 0.004890638975673438, -0.12760028025939082]
  - [-0.005815442917336392, 0.9999371227602174, -0.009588073304195107, 0.0030340953784912215]
  - [-0.004946541870149305, 0.009559352635186905, 0.9999420735726228, -0.0016210332125219172]
  - [0.0, 0.0, 0.0, 1.0]
  cam_overlaps: [0, 1]
  camera_model: pinhole
  distortion_coeffs: [-0.07432425129378192, 0.07807881016522744, -0.0019131910267720074,
    0.012452910266938424]
  distortion_model: radtan
  intrinsics: [539.569185616455, 539.6966358710052, 431.3272882924136, 281.5568855011256]
  resolution: [800, 600]
  rostopic: /cam2/image_raw